{
 "cells": [
  {
   "cell_type": "code",
   "execution_count": 1,
   "metadata": {},
   "outputs": [],
   "source": [
    "import numpy as np\n",
    "import pandas as pd\n",
    "import matplotlib.pyplot as plt\n",
    "import seaborn as sns\n",
    "%matplotlib inline"
   ]
  },
  {
   "cell_type": "code",
   "execution_count": 2,
   "metadata": {},
   "outputs": [],
   "source": [
    "data = pd.read_csv('nba_2017_nba_players_with_salary.csv')"
   ]
  },
  {
   "cell_type": "code",
   "execution_count": 3,
   "metadata": {},
   "outputs": [
    {
     "data": {
      "text/html": [
       "<div>\n",
       "<style scoped>\n",
       "    .dataframe tbody tr th:only-of-type {\n",
       "        vertical-align: middle;\n",
       "    }\n",
       "\n",
       "    .dataframe tbody tr th {\n",
       "        vertical-align: top;\n",
       "    }\n",
       "\n",
       "    .dataframe thead th {\n",
       "        text-align: right;\n",
       "    }\n",
       "</style>\n",
       "<table border=\"1\" class=\"dataframe\">\n",
       "  <thead>\n",
       "    <tr style=\"text-align: right;\">\n",
       "      <th></th>\n",
       "      <th>Unnamed: 0</th>\n",
       "      <th>Rk</th>\n",
       "      <th>PLAYER</th>\n",
       "      <th>POSITION</th>\n",
       "      <th>AGE</th>\n",
       "      <th>MP</th>\n",
       "      <th>FG</th>\n",
       "      <th>FGA</th>\n",
       "      <th>FG%</th>\n",
       "      <th>3P</th>\n",
       "      <th>...</th>\n",
       "      <th>GP</th>\n",
       "      <th>MPG</th>\n",
       "      <th>ORPM</th>\n",
       "      <th>DRPM</th>\n",
       "      <th>RPM</th>\n",
       "      <th>WINS_RPM</th>\n",
       "      <th>PIE</th>\n",
       "      <th>PACE</th>\n",
       "      <th>W</th>\n",
       "      <th>SALARY_MILLIONS</th>\n",
       "    </tr>\n",
       "  </thead>\n",
       "  <tbody>\n",
       "    <tr>\n",
       "      <th>0</th>\n",
       "      <td>0</td>\n",
       "      <td>1</td>\n",
       "      <td>Russell Westbrook</td>\n",
       "      <td>PG</td>\n",
       "      <td>28</td>\n",
       "      <td>34.6</td>\n",
       "      <td>10.2</td>\n",
       "      <td>24.0</td>\n",
       "      <td>0.425</td>\n",
       "      <td>2.5</td>\n",
       "      <td>...</td>\n",
       "      <td>81</td>\n",
       "      <td>34.6</td>\n",
       "      <td>6.74</td>\n",
       "      <td>-0.47</td>\n",
       "      <td>6.27</td>\n",
       "      <td>17.34</td>\n",
       "      <td>23.0</td>\n",
       "      <td>102.31</td>\n",
       "      <td>46</td>\n",
       "      <td>26.50</td>\n",
       "    </tr>\n",
       "    <tr>\n",
       "      <th>1</th>\n",
       "      <td>1</td>\n",
       "      <td>2</td>\n",
       "      <td>James Harden</td>\n",
       "      <td>PG</td>\n",
       "      <td>27</td>\n",
       "      <td>36.4</td>\n",
       "      <td>8.3</td>\n",
       "      <td>18.9</td>\n",
       "      <td>0.440</td>\n",
       "      <td>3.2</td>\n",
       "      <td>...</td>\n",
       "      <td>81</td>\n",
       "      <td>36.4</td>\n",
       "      <td>6.38</td>\n",
       "      <td>-1.57</td>\n",
       "      <td>4.81</td>\n",
       "      <td>15.54</td>\n",
       "      <td>19.0</td>\n",
       "      <td>102.98</td>\n",
       "      <td>54</td>\n",
       "      <td>26.50</td>\n",
       "    </tr>\n",
       "    <tr>\n",
       "      <th>2</th>\n",
       "      <td>2</td>\n",
       "      <td>3</td>\n",
       "      <td>Isaiah Thomas</td>\n",
       "      <td>PG</td>\n",
       "      <td>27</td>\n",
       "      <td>33.8</td>\n",
       "      <td>9.0</td>\n",
       "      <td>19.4</td>\n",
       "      <td>0.463</td>\n",
       "      <td>3.2</td>\n",
       "      <td>...</td>\n",
       "      <td>76</td>\n",
       "      <td>33.8</td>\n",
       "      <td>5.72</td>\n",
       "      <td>-3.89</td>\n",
       "      <td>1.83</td>\n",
       "      <td>8.19</td>\n",
       "      <td>16.1</td>\n",
       "      <td>99.84</td>\n",
       "      <td>51</td>\n",
       "      <td>6.59</td>\n",
       "    </tr>\n",
       "    <tr>\n",
       "      <th>3</th>\n",
       "      <td>3</td>\n",
       "      <td>4</td>\n",
       "      <td>Anthony Davis</td>\n",
       "      <td>C</td>\n",
       "      <td>23</td>\n",
       "      <td>36.1</td>\n",
       "      <td>10.3</td>\n",
       "      <td>20.3</td>\n",
       "      <td>0.505</td>\n",
       "      <td>0.5</td>\n",
       "      <td>...</td>\n",
       "      <td>75</td>\n",
       "      <td>36.1</td>\n",
       "      <td>0.45</td>\n",
       "      <td>3.90</td>\n",
       "      <td>4.35</td>\n",
       "      <td>12.81</td>\n",
       "      <td>19.2</td>\n",
       "      <td>100.19</td>\n",
       "      <td>31</td>\n",
       "      <td>22.12</td>\n",
       "    </tr>\n",
       "    <tr>\n",
       "      <th>4</th>\n",
       "      <td>4</td>\n",
       "      <td>6</td>\n",
       "      <td>DeMarcus Cousins</td>\n",
       "      <td>C</td>\n",
       "      <td>26</td>\n",
       "      <td>34.2</td>\n",
       "      <td>9.0</td>\n",
       "      <td>19.9</td>\n",
       "      <td>0.452</td>\n",
       "      <td>1.8</td>\n",
       "      <td>...</td>\n",
       "      <td>72</td>\n",
       "      <td>34.2</td>\n",
       "      <td>3.56</td>\n",
       "      <td>0.64</td>\n",
       "      <td>4.20</td>\n",
       "      <td>11.26</td>\n",
       "      <td>17.8</td>\n",
       "      <td>97.11</td>\n",
       "      <td>30</td>\n",
       "      <td>16.96</td>\n",
       "    </tr>\n",
       "  </tbody>\n",
       "</table>\n",
       "<p>5 rows × 39 columns</p>\n",
       "</div>"
      ],
      "text/plain": [
       "   Unnamed: 0  Rk             PLAYER POSITION  AGE    MP    FG   FGA    FG%  \\\n",
       "0           0   1  Russell Westbrook       PG   28  34.6  10.2  24.0  0.425   \n",
       "1           1   2       James Harden       PG   27  36.4   8.3  18.9  0.440   \n",
       "2           2   3      Isaiah Thomas       PG   27  33.8   9.0  19.4  0.463   \n",
       "3           3   4      Anthony Davis        C   23  36.1  10.3  20.3  0.505   \n",
       "4           4   6   DeMarcus Cousins        C   26  34.2   9.0  19.9  0.452   \n",
       "\n",
       "    3P       ...         GP   MPG  ORPM  DRPM   RPM  WINS_RPM   PIE    PACE  \\\n",
       "0  2.5       ...         81  34.6  6.74 -0.47  6.27     17.34  23.0  102.31   \n",
       "1  3.2       ...         81  36.4  6.38 -1.57  4.81     15.54  19.0  102.98   \n",
       "2  3.2       ...         76  33.8  5.72 -3.89  1.83      8.19  16.1   99.84   \n",
       "3  0.5       ...         75  36.1  0.45  3.90  4.35     12.81  19.2  100.19   \n",
       "4  1.8       ...         72  34.2  3.56  0.64  4.20     11.26  17.8   97.11   \n",
       "\n",
       "    W  SALARY_MILLIONS  \n",
       "0  46            26.50  \n",
       "1  54            26.50  \n",
       "2  51             6.59  \n",
       "3  31            22.12  \n",
       "4  30            16.96  \n",
       "\n",
       "[5 rows x 39 columns]"
      ]
     },
     "execution_count": 3,
     "metadata": {},
     "output_type": "execute_result"
    }
   ],
   "source": [
    "data.head()"
   ]
  },
  {
   "cell_type": "code",
   "execution_count": 4,
   "metadata": {},
   "outputs": [
    {
     "data": {
      "text/html": [
       "<div>\n",
       "<style scoped>\n",
       "    .dataframe tbody tr th:only-of-type {\n",
       "        vertical-align: middle;\n",
       "    }\n",
       "\n",
       "    .dataframe tbody tr th {\n",
       "        vertical-align: top;\n",
       "    }\n",
       "\n",
       "    .dataframe thead th {\n",
       "        text-align: right;\n",
       "    }\n",
       "</style>\n",
       "<table border=\"1\" class=\"dataframe\">\n",
       "  <thead>\n",
       "    <tr style=\"text-align: right;\">\n",
       "      <th></th>\n",
       "      <th>Unnamed: 0</th>\n",
       "      <th>Rk</th>\n",
       "      <th>AGE</th>\n",
       "      <th>MP</th>\n",
       "      <th>FG</th>\n",
       "      <th>FGA</th>\n",
       "      <th>FG%</th>\n",
       "      <th>3P</th>\n",
       "      <th>3PA</th>\n",
       "      <th>3P%</th>\n",
       "      <th>...</th>\n",
       "      <th>GP</th>\n",
       "      <th>MPG</th>\n",
       "      <th>ORPM</th>\n",
       "      <th>DRPM</th>\n",
       "      <th>RPM</th>\n",
       "      <th>WINS_RPM</th>\n",
       "      <th>PIE</th>\n",
       "      <th>PACE</th>\n",
       "      <th>W</th>\n",
       "      <th>SALARY_MILLIONS</th>\n",
       "    </tr>\n",
       "  </thead>\n",
       "  <tbody>\n",
       "    <tr>\n",
       "      <th>count</th>\n",
       "      <td>342.000000</td>\n",
       "      <td>342.000000</td>\n",
       "      <td>342.000000</td>\n",
       "      <td>342.000000</td>\n",
       "      <td>342.000000</td>\n",
       "      <td>342.000000</td>\n",
       "      <td>342.000000</td>\n",
       "      <td>342.000000</td>\n",
       "      <td>342.000000</td>\n",
       "      <td>320.000000</td>\n",
       "      <td>...</td>\n",
       "      <td>342.000000</td>\n",
       "      <td>342.000000</td>\n",
       "      <td>342.000000</td>\n",
       "      <td>342.000000</td>\n",
       "      <td>342.000000</td>\n",
       "      <td>342.000000</td>\n",
       "      <td>342.000000</td>\n",
       "      <td>342.000000</td>\n",
       "      <td>342.000000</td>\n",
       "      <td>342.000000</td>\n",
       "    </tr>\n",
       "    <tr>\n",
       "      <th>mean</th>\n",
       "      <td>170.500000</td>\n",
       "      <td>217.269006</td>\n",
       "      <td>26.444444</td>\n",
       "      <td>21.572515</td>\n",
       "      <td>3.483626</td>\n",
       "      <td>7.725439</td>\n",
       "      <td>0.446096</td>\n",
       "      <td>0.865789</td>\n",
       "      <td>2.440058</td>\n",
       "      <td>0.307016</td>\n",
       "      <td>...</td>\n",
       "      <td>58.198830</td>\n",
       "      <td>21.572807</td>\n",
       "      <td>-0.676023</td>\n",
       "      <td>-0.005789</td>\n",
       "      <td>-0.681813</td>\n",
       "      <td>2.861725</td>\n",
       "      <td>9.186842</td>\n",
       "      <td>98.341053</td>\n",
       "      <td>28.950292</td>\n",
       "      <td>7.294006</td>\n",
       "    </tr>\n",
       "    <tr>\n",
       "      <th>std</th>\n",
       "      <td>98.871128</td>\n",
       "      <td>136.403138</td>\n",
       "      <td>4.295686</td>\n",
       "      <td>8.804018</td>\n",
       "      <td>2.200872</td>\n",
       "      <td>4.646933</td>\n",
       "      <td>0.078992</td>\n",
       "      <td>0.780010</td>\n",
       "      <td>2.021716</td>\n",
       "      <td>0.134691</td>\n",
       "      <td>...</td>\n",
       "      <td>22.282015</td>\n",
       "      <td>8.804121</td>\n",
       "      <td>2.063237</td>\n",
       "      <td>1.614293</td>\n",
       "      <td>2.522014</td>\n",
       "      <td>3.880914</td>\n",
       "      <td>3.585475</td>\n",
       "      <td>2.870091</td>\n",
       "      <td>14.603876</td>\n",
       "      <td>6.516326</td>\n",
       "    </tr>\n",
       "    <tr>\n",
       "      <th>min</th>\n",
       "      <td>0.000000</td>\n",
       "      <td>1.000000</td>\n",
       "      <td>19.000000</td>\n",
       "      <td>2.200000</td>\n",
       "      <td>0.000000</td>\n",
       "      <td>0.800000</td>\n",
       "      <td>0.000000</td>\n",
       "      <td>0.000000</td>\n",
       "      <td>0.000000</td>\n",
       "      <td>0.000000</td>\n",
       "      <td>...</td>\n",
       "      <td>2.000000</td>\n",
       "      <td>2.200000</td>\n",
       "      <td>-4.430000</td>\n",
       "      <td>-3.920000</td>\n",
       "      <td>-6.600000</td>\n",
       "      <td>-2.320000</td>\n",
       "      <td>-1.600000</td>\n",
       "      <td>87.460000</td>\n",
       "      <td>0.000000</td>\n",
       "      <td>0.030000</td>\n",
       "    </tr>\n",
       "    <tr>\n",
       "      <th>25%</th>\n",
       "      <td>85.250000</td>\n",
       "      <td>100.250000</td>\n",
       "      <td>23.000000</td>\n",
       "      <td>15.025000</td>\n",
       "      <td>1.800000</td>\n",
       "      <td>4.225000</td>\n",
       "      <td>0.402250</td>\n",
       "      <td>0.200000</td>\n",
       "      <td>0.800000</td>\n",
       "      <td>0.280250</td>\n",
       "      <td>...</td>\n",
       "      <td>43.500000</td>\n",
       "      <td>15.025000</td>\n",
       "      <td>-2.147500</td>\n",
       "      <td>-1.222500</td>\n",
       "      <td>-2.422500</td>\n",
       "      <td>0.102500</td>\n",
       "      <td>7.100000</td>\n",
       "      <td>96.850000</td>\n",
       "      <td>19.000000</td>\n",
       "      <td>2.185000</td>\n",
       "    </tr>\n",
       "    <tr>\n",
       "      <th>50%</th>\n",
       "      <td>170.500000</td>\n",
       "      <td>205.500000</td>\n",
       "      <td>26.000000</td>\n",
       "      <td>21.650000</td>\n",
       "      <td>3.000000</td>\n",
       "      <td>6.700000</td>\n",
       "      <td>0.442000</td>\n",
       "      <td>0.700000</td>\n",
       "      <td>2.200000</td>\n",
       "      <td>0.340500</td>\n",
       "      <td>...</td>\n",
       "      <td>66.000000</td>\n",
       "      <td>21.650000</td>\n",
       "      <td>-0.990000</td>\n",
       "      <td>-0.130000</td>\n",
       "      <td>-1.170000</td>\n",
       "      <td>1.410000</td>\n",
       "      <td>8.700000</td>\n",
       "      <td>98.205000</td>\n",
       "      <td>29.000000</td>\n",
       "      <td>4.920000</td>\n",
       "    </tr>\n",
       "    <tr>\n",
       "      <th>75%</th>\n",
       "      <td>255.750000</td>\n",
       "      <td>327.750000</td>\n",
       "      <td>29.000000</td>\n",
       "      <td>29.075000</td>\n",
       "      <td>4.700000</td>\n",
       "      <td>10.400000</td>\n",
       "      <td>0.481000</td>\n",
       "      <td>1.400000</td>\n",
       "      <td>3.600000</td>\n",
       "      <td>0.373500</td>\n",
       "      <td>...</td>\n",
       "      <td>76.000000</td>\n",
       "      <td>29.075000</td>\n",
       "      <td>0.257500</td>\n",
       "      <td>1.067500</td>\n",
       "      <td>0.865000</td>\n",
       "      <td>4.487500</td>\n",
       "      <td>10.900000</td>\n",
       "      <td>100.060000</td>\n",
       "      <td>39.000000</td>\n",
       "      <td>11.110000</td>\n",
       "    </tr>\n",
       "    <tr>\n",
       "      <th>max</th>\n",
       "      <td>341.000000</td>\n",
       "      <td>482.000000</td>\n",
       "      <td>40.000000</td>\n",
       "      <td>37.800000</td>\n",
       "      <td>10.300000</td>\n",
       "      <td>24.000000</td>\n",
       "      <td>0.750000</td>\n",
       "      <td>4.100000</td>\n",
       "      <td>10.000000</td>\n",
       "      <td>1.000000</td>\n",
       "      <td>...</td>\n",
       "      <td>82.000000</td>\n",
       "      <td>37.800000</td>\n",
       "      <td>7.270000</td>\n",
       "      <td>6.020000</td>\n",
       "      <td>8.420000</td>\n",
       "      <td>20.430000</td>\n",
       "      <td>23.000000</td>\n",
       "      <td>109.870000</td>\n",
       "      <td>66.000000</td>\n",
       "      <td>30.960000</td>\n",
       "    </tr>\n",
       "  </tbody>\n",
       "</table>\n",
       "<p>8 rows × 36 columns</p>\n",
       "</div>"
      ],
      "text/plain": [
       "       Unnamed: 0          Rk         AGE          MP          FG         FGA  \\\n",
       "count  342.000000  342.000000  342.000000  342.000000  342.000000  342.000000   \n",
       "mean   170.500000  217.269006   26.444444   21.572515    3.483626    7.725439   \n",
       "std     98.871128  136.403138    4.295686    8.804018    2.200872    4.646933   \n",
       "min      0.000000    1.000000   19.000000    2.200000    0.000000    0.800000   \n",
       "25%     85.250000  100.250000   23.000000   15.025000    1.800000    4.225000   \n",
       "50%    170.500000  205.500000   26.000000   21.650000    3.000000    6.700000   \n",
       "75%    255.750000  327.750000   29.000000   29.075000    4.700000   10.400000   \n",
       "max    341.000000  482.000000   40.000000   37.800000   10.300000   24.000000   \n",
       "\n",
       "              FG%          3P         3PA         3P%       ...         \\\n",
       "count  342.000000  342.000000  342.000000  320.000000       ...          \n",
       "mean     0.446096    0.865789    2.440058    0.307016       ...          \n",
       "std      0.078992    0.780010    2.021716    0.134691       ...          \n",
       "min      0.000000    0.000000    0.000000    0.000000       ...          \n",
       "25%      0.402250    0.200000    0.800000    0.280250       ...          \n",
       "50%      0.442000    0.700000    2.200000    0.340500       ...          \n",
       "75%      0.481000    1.400000    3.600000    0.373500       ...          \n",
       "max      0.750000    4.100000   10.000000    1.000000       ...          \n",
       "\n",
       "               GP         MPG        ORPM        DRPM         RPM    WINS_RPM  \\\n",
       "count  342.000000  342.000000  342.000000  342.000000  342.000000  342.000000   \n",
       "mean    58.198830   21.572807   -0.676023   -0.005789   -0.681813    2.861725   \n",
       "std     22.282015    8.804121    2.063237    1.614293    2.522014    3.880914   \n",
       "min      2.000000    2.200000   -4.430000   -3.920000   -6.600000   -2.320000   \n",
       "25%     43.500000   15.025000   -2.147500   -1.222500   -2.422500    0.102500   \n",
       "50%     66.000000   21.650000   -0.990000   -0.130000   -1.170000    1.410000   \n",
       "75%     76.000000   29.075000    0.257500    1.067500    0.865000    4.487500   \n",
       "max     82.000000   37.800000    7.270000    6.020000    8.420000   20.430000   \n",
       "\n",
       "              PIE        PACE           W  SALARY_MILLIONS  \n",
       "count  342.000000  342.000000  342.000000       342.000000  \n",
       "mean     9.186842   98.341053   28.950292         7.294006  \n",
       "std      3.585475    2.870091   14.603876         6.516326  \n",
       "min     -1.600000   87.460000    0.000000         0.030000  \n",
       "25%      7.100000   96.850000   19.000000         2.185000  \n",
       "50%      8.700000   98.205000   29.000000         4.920000  \n",
       "75%     10.900000  100.060000   39.000000        11.110000  \n",
       "max     23.000000  109.870000   66.000000        30.960000  \n",
       "\n",
       "[8 rows x 36 columns]"
      ]
     },
     "execution_count": 4,
     "metadata": {},
     "output_type": "execute_result"
    }
   ],
   "source": [
    "data.describe()"
   ]
  },
  {
   "cell_type": "markdown",
   "metadata": {},
   "source": [
    "从数据中看几项比较重要的信息：\n",
    "\n",
    "- 球员平均年龄为26.4岁，年龄段在19-38岁；\n",
    "- 球员平均年薪为730万美金，当时最大的合同为年薪3000万美金；\n",
    "- 球员平均出场时间为21.5分钟，某球员场均出场37.8分钟领跑联盟，当然也有只出场2.2分钟的角色球员，机会来之不易。\n",
    "- 类似的信息我们还能总结很多。"
   ]
  },
  {
   "cell_type": "code",
   "execution_count": 5,
   "metadata": {},
   "outputs": [],
   "source": [
    "dat_cor = data.loc[:,['RPM','AGE','SALARY_MILLIONS','ORB','DRB','TRB','AST','STL','BLK','TOV','PF','POINTS','GP','MPG','ORPM','DRPM']]"
   ]
  },
  {
   "cell_type": "code",
   "execution_count": 6,
   "metadata": {},
   "outputs": [],
   "source": [
    "coor = dat_cor.corr()"
   ]
  },
  {
   "cell_type": "code",
   "execution_count": 7,
   "metadata": {},
   "outputs": [
    {
     "data": {
      "text/html": [
       "<div>\n",
       "<style scoped>\n",
       "    .dataframe tbody tr th:only-of-type {\n",
       "        vertical-align: middle;\n",
       "    }\n",
       "\n",
       "    .dataframe tbody tr th {\n",
       "        vertical-align: top;\n",
       "    }\n",
       "\n",
       "    .dataframe thead th {\n",
       "        text-align: right;\n",
       "    }\n",
       "</style>\n",
       "<table border=\"1\" class=\"dataframe\">\n",
       "  <thead>\n",
       "    <tr style=\"text-align: right;\">\n",
       "      <th></th>\n",
       "      <th>RPM</th>\n",
       "      <th>AGE</th>\n",
       "      <th>SALARY_MILLIONS</th>\n",
       "      <th>ORB</th>\n",
       "      <th>DRB</th>\n",
       "      <th>TRB</th>\n",
       "      <th>AST</th>\n",
       "      <th>STL</th>\n",
       "      <th>BLK</th>\n",
       "      <th>TOV</th>\n",
       "      <th>PF</th>\n",
       "      <th>POINTS</th>\n",
       "      <th>GP</th>\n",
       "      <th>MPG</th>\n",
       "      <th>ORPM</th>\n",
       "      <th>DRPM</th>\n",
       "    </tr>\n",
       "  </thead>\n",
       "  <tbody>\n",
       "    <tr>\n",
       "      <th>RPM</th>\n",
       "      <td>1.000000</td>\n",
       "      <td>0.175820</td>\n",
       "      <td>0.477542</td>\n",
       "      <td>0.388764</td>\n",
       "      <td>0.623515</td>\n",
       "      <td>0.587853</td>\n",
       "      <td>0.481971</td>\n",
       "      <td>0.599008</td>\n",
       "      <td>0.463097</td>\n",
       "      <td>0.492014</td>\n",
       "      <td>0.434226</td>\n",
       "      <td>0.604432</td>\n",
       "      <td>0.340810</td>\n",
       "      <td>0.549449</td>\n",
       "      <td>0.769822</td>\n",
       "      <td>0.578388</td>\n",
       "    </tr>\n",
       "    <tr>\n",
       "      <th>AGE</th>\n",
       "      <td>0.175820</td>\n",
       "      <td>1.000000</td>\n",
       "      <td>0.353312</td>\n",
       "      <td>-0.015752</td>\n",
       "      <td>0.088859</td>\n",
       "      <td>0.062064</td>\n",
       "      <td>0.114908</td>\n",
       "      <td>0.069892</td>\n",
       "      <td>-0.062917</td>\n",
       "      <td>0.030673</td>\n",
       "      <td>0.005512</td>\n",
       "      <td>0.031422</td>\n",
       "      <td>0.051863</td>\n",
       "      <td>0.099657</td>\n",
       "      <td>0.136177</td>\n",
       "      <td>0.100636</td>\n",
       "    </tr>\n",
       "    <tr>\n",
       "      <th>SALARY_MILLIONS</th>\n",
       "      <td>0.477542</td>\n",
       "      <td>0.353312</td>\n",
       "      <td>1.000000</td>\n",
       "      <td>0.264954</td>\n",
       "      <td>0.531569</td>\n",
       "      <td>0.482088</td>\n",
       "      <td>0.486159</td>\n",
       "      <td>0.446763</td>\n",
       "      <td>0.260288</td>\n",
       "      <td>0.536993</td>\n",
       "      <td>0.341512</td>\n",
       "      <td>0.635425</td>\n",
       "      <td>0.348093</td>\n",
       "      <td>0.594162</td>\n",
       "      <td>0.503682</td>\n",
       "      <td>0.102307</td>\n",
       "    </tr>\n",
       "    <tr>\n",
       "      <th>ORB</th>\n",
       "      <td>0.388764</td>\n",
       "      <td>-0.015752</td>\n",
       "      <td>0.264954</td>\n",
       "      <td>1.000000</td>\n",
       "      <td>0.731345</td>\n",
       "      <td>0.861103</td>\n",
       "      <td>-0.011632</td>\n",
       "      <td>0.169075</td>\n",
       "      <td>0.654265</td>\n",
       "      <td>0.274670</td>\n",
       "      <td>0.557957</td>\n",
       "      <td>0.284908</td>\n",
       "      <td>0.296975</td>\n",
       "      <td>0.342140</td>\n",
       "      <td>0.102113</td>\n",
       "      <td>0.476857</td>\n",
       "    </tr>\n",
       "    <tr>\n",
       "      <th>DRB</th>\n",
       "      <td>0.623515</td>\n",
       "      <td>0.088859</td>\n",
       "      <td>0.531569</td>\n",
       "      <td>0.731345</td>\n",
       "      <td>1.000000</td>\n",
       "      <td>0.976244</td>\n",
       "      <td>0.350786</td>\n",
       "      <td>0.485726</td>\n",
       "      <td>0.660733</td>\n",
       "      <td>0.598043</td>\n",
       "      <td>0.670708</td>\n",
       "      <td>0.648267</td>\n",
       "      <td>0.473376</td>\n",
       "      <td>0.684662</td>\n",
       "      <td>0.428433</td>\n",
       "      <td>0.426536</td>\n",
       "    </tr>\n",
       "    <tr>\n",
       "      <th>TRB</th>\n",
       "      <td>0.587853</td>\n",
       "      <td>0.062064</td>\n",
       "      <td>0.482088</td>\n",
       "      <td>0.861103</td>\n",
       "      <td>0.976244</td>\n",
       "      <td>1.000000</td>\n",
       "      <td>0.257379</td>\n",
       "      <td>0.415318</td>\n",
       "      <td>0.698947</td>\n",
       "      <td>0.531124</td>\n",
       "      <td>0.675389</td>\n",
       "      <td>0.573219</td>\n",
       "      <td>0.446355</td>\n",
       "      <td>0.618587</td>\n",
       "      <td>0.352018</td>\n",
       "      <td>0.468489</td>\n",
       "    </tr>\n",
       "    <tr>\n",
       "      <th>AST</th>\n",
       "      <td>0.481971</td>\n",
       "      <td>0.114908</td>\n",
       "      <td>0.486159</td>\n",
       "      <td>-0.011632</td>\n",
       "      <td>0.350786</td>\n",
       "      <td>0.257379</td>\n",
       "      <td>1.000000</td>\n",
       "      <td>0.683438</td>\n",
       "      <td>0.050367</td>\n",
       "      <td>0.839331</td>\n",
       "      <td>0.323374</td>\n",
       "      <td>0.678980</td>\n",
       "      <td>0.334944</td>\n",
       "      <td>0.640273</td>\n",
       "      <td>0.673077</td>\n",
       "      <td>-0.107280</td>\n",
       "    </tr>\n",
       "    <tr>\n",
       "      <th>STL</th>\n",
       "      <td>0.599008</td>\n",
       "      <td>0.069892</td>\n",
       "      <td>0.446763</td>\n",
       "      <td>0.169075</td>\n",
       "      <td>0.485726</td>\n",
       "      <td>0.415318</td>\n",
       "      <td>0.683438</td>\n",
       "      <td>1.000000</td>\n",
       "      <td>0.257638</td>\n",
       "      <td>0.669642</td>\n",
       "      <td>0.509130</td>\n",
       "      <td>0.653695</td>\n",
       "      <td>0.441132</td>\n",
       "      <td>0.749596</td>\n",
       "      <td>0.593146</td>\n",
       "      <td>0.177728</td>\n",
       "    </tr>\n",
       "    <tr>\n",
       "      <th>BLK</th>\n",
       "      <td>0.463097</td>\n",
       "      <td>-0.062917</td>\n",
       "      <td>0.260288</td>\n",
       "      <td>0.654265</td>\n",
       "      <td>0.660733</td>\n",
       "      <td>0.698947</td>\n",
       "      <td>0.050367</td>\n",
       "      <td>0.257638</td>\n",
       "      <td>1.000000</td>\n",
       "      <td>0.310396</td>\n",
       "      <td>0.601185</td>\n",
       "      <td>0.352639</td>\n",
       "      <td>0.314585</td>\n",
       "      <td>0.387176</td>\n",
       "      <td>0.138512</td>\n",
       "      <td>0.546464</td>\n",
       "    </tr>\n",
       "    <tr>\n",
       "      <th>TOV</th>\n",
       "      <td>0.492014</td>\n",
       "      <td>0.030673</td>\n",
       "      <td>0.536993</td>\n",
       "      <td>0.274670</td>\n",
       "      <td>0.598043</td>\n",
       "      <td>0.531124</td>\n",
       "      <td>0.839331</td>\n",
       "      <td>0.669642</td>\n",
       "      <td>0.310396</td>\n",
       "      <td>1.000000</td>\n",
       "      <td>0.566313</td>\n",
       "      <td>0.834074</td>\n",
       "      <td>0.398315</td>\n",
       "      <td>0.743525</td>\n",
       "      <td>0.621213</td>\n",
       "      <td>-0.025302</td>\n",
       "    </tr>\n",
       "    <tr>\n",
       "      <th>PF</th>\n",
       "      <td>0.434226</td>\n",
       "      <td>0.005512</td>\n",
       "      <td>0.341512</td>\n",
       "      <td>0.557957</td>\n",
       "      <td>0.670708</td>\n",
       "      <td>0.675389</td>\n",
       "      <td>0.323374</td>\n",
       "      <td>0.509130</td>\n",
       "      <td>0.601185</td>\n",
       "      <td>0.566313</td>\n",
       "      <td>1.000000</td>\n",
       "      <td>0.533770</td>\n",
       "      <td>0.522945</td>\n",
       "      <td>0.668645</td>\n",
       "      <td>0.288196</td>\n",
       "      <td>0.310046</td>\n",
       "    </tr>\n",
       "    <tr>\n",
       "      <th>POINTS</th>\n",
       "      <td>0.604432</td>\n",
       "      <td>0.031422</td>\n",
       "      <td>0.635425</td>\n",
       "      <td>0.284908</td>\n",
       "      <td>0.648267</td>\n",
       "      <td>0.573219</td>\n",
       "      <td>0.678980</td>\n",
       "      <td>0.653695</td>\n",
       "      <td>0.352639</td>\n",
       "      <td>0.834074</td>\n",
       "      <td>0.533770</td>\n",
       "      <td>1.000000</td>\n",
       "      <td>0.503594</td>\n",
       "      <td>0.865027</td>\n",
       "      <td>0.800319</td>\n",
       "      <td>-0.078586</td>\n",
       "    </tr>\n",
       "    <tr>\n",
       "      <th>GP</th>\n",
       "      <td>0.340810</td>\n",
       "      <td>0.051863</td>\n",
       "      <td>0.348093</td>\n",
       "      <td>0.296975</td>\n",
       "      <td>0.473376</td>\n",
       "      <td>0.446355</td>\n",
       "      <td>0.334944</td>\n",
       "      <td>0.441132</td>\n",
       "      <td>0.314585</td>\n",
       "      <td>0.398315</td>\n",
       "      <td>0.522945</td>\n",
       "      <td>0.503594</td>\n",
       "      <td>1.000000</td>\n",
       "      <td>0.646439</td>\n",
       "      <td>0.442907</td>\n",
       "      <td>-0.033633</td>\n",
       "    </tr>\n",
       "    <tr>\n",
       "      <th>MPG</th>\n",
       "      <td>0.549449</td>\n",
       "      <td>0.099657</td>\n",
       "      <td>0.594162</td>\n",
       "      <td>0.342140</td>\n",
       "      <td>0.684662</td>\n",
       "      <td>0.618587</td>\n",
       "      <td>0.640273</td>\n",
       "      <td>0.749596</td>\n",
       "      <td>0.387176</td>\n",
       "      <td>0.743525</td>\n",
       "      <td>0.668645</td>\n",
       "      <td>0.865027</td>\n",
       "      <td>0.646439</td>\n",
       "      <td>1.000000</td>\n",
       "      <td>0.656013</td>\n",
       "      <td>0.019952</td>\n",
       "    </tr>\n",
       "    <tr>\n",
       "      <th>ORPM</th>\n",
       "      <td>0.769822</td>\n",
       "      <td>0.136177</td>\n",
       "      <td>0.503682</td>\n",
       "      <td>0.102113</td>\n",
       "      <td>0.428433</td>\n",
       "      <td>0.352018</td>\n",
       "      <td>0.673077</td>\n",
       "      <td>0.593146</td>\n",
       "      <td>0.138512</td>\n",
       "      <td>0.621213</td>\n",
       "      <td>0.288196</td>\n",
       "      <td>0.800319</td>\n",
       "      <td>0.442907</td>\n",
       "      <td>0.656013</td>\n",
       "      <td>1.000000</td>\n",
       "      <td>-0.075410</td>\n",
       "    </tr>\n",
       "    <tr>\n",
       "      <th>DRPM</th>\n",
       "      <td>0.578388</td>\n",
       "      <td>0.100636</td>\n",
       "      <td>0.102307</td>\n",
       "      <td>0.476857</td>\n",
       "      <td>0.426536</td>\n",
       "      <td>0.468489</td>\n",
       "      <td>-0.107280</td>\n",
       "      <td>0.177728</td>\n",
       "      <td>0.546464</td>\n",
       "      <td>-0.025302</td>\n",
       "      <td>0.310046</td>\n",
       "      <td>-0.078586</td>\n",
       "      <td>-0.033633</td>\n",
       "      <td>0.019952</td>\n",
       "      <td>-0.075410</td>\n",
       "      <td>1.000000</td>\n",
       "    </tr>\n",
       "  </tbody>\n",
       "</table>\n",
       "</div>"
      ],
      "text/plain": [
       "                      RPM       AGE  SALARY_MILLIONS       ORB       DRB  \\\n",
       "RPM              1.000000  0.175820         0.477542  0.388764  0.623515   \n",
       "AGE              0.175820  1.000000         0.353312 -0.015752  0.088859   \n",
       "SALARY_MILLIONS  0.477542  0.353312         1.000000  0.264954  0.531569   \n",
       "ORB              0.388764 -0.015752         0.264954  1.000000  0.731345   \n",
       "DRB              0.623515  0.088859         0.531569  0.731345  1.000000   \n",
       "TRB              0.587853  0.062064         0.482088  0.861103  0.976244   \n",
       "AST              0.481971  0.114908         0.486159 -0.011632  0.350786   \n",
       "STL              0.599008  0.069892         0.446763  0.169075  0.485726   \n",
       "BLK              0.463097 -0.062917         0.260288  0.654265  0.660733   \n",
       "TOV              0.492014  0.030673         0.536993  0.274670  0.598043   \n",
       "PF               0.434226  0.005512         0.341512  0.557957  0.670708   \n",
       "POINTS           0.604432  0.031422         0.635425  0.284908  0.648267   \n",
       "GP               0.340810  0.051863         0.348093  0.296975  0.473376   \n",
       "MPG              0.549449  0.099657         0.594162  0.342140  0.684662   \n",
       "ORPM             0.769822  0.136177         0.503682  0.102113  0.428433   \n",
       "DRPM             0.578388  0.100636         0.102307  0.476857  0.426536   \n",
       "\n",
       "                      TRB       AST       STL       BLK       TOV        PF  \\\n",
       "RPM              0.587853  0.481971  0.599008  0.463097  0.492014  0.434226   \n",
       "AGE              0.062064  0.114908  0.069892 -0.062917  0.030673  0.005512   \n",
       "SALARY_MILLIONS  0.482088  0.486159  0.446763  0.260288  0.536993  0.341512   \n",
       "ORB              0.861103 -0.011632  0.169075  0.654265  0.274670  0.557957   \n",
       "DRB              0.976244  0.350786  0.485726  0.660733  0.598043  0.670708   \n",
       "TRB              1.000000  0.257379  0.415318  0.698947  0.531124  0.675389   \n",
       "AST              0.257379  1.000000  0.683438  0.050367  0.839331  0.323374   \n",
       "STL              0.415318  0.683438  1.000000  0.257638  0.669642  0.509130   \n",
       "BLK              0.698947  0.050367  0.257638  1.000000  0.310396  0.601185   \n",
       "TOV              0.531124  0.839331  0.669642  0.310396  1.000000  0.566313   \n",
       "PF               0.675389  0.323374  0.509130  0.601185  0.566313  1.000000   \n",
       "POINTS           0.573219  0.678980  0.653695  0.352639  0.834074  0.533770   \n",
       "GP               0.446355  0.334944  0.441132  0.314585  0.398315  0.522945   \n",
       "MPG              0.618587  0.640273  0.749596  0.387176  0.743525  0.668645   \n",
       "ORPM             0.352018  0.673077  0.593146  0.138512  0.621213  0.288196   \n",
       "DRPM             0.468489 -0.107280  0.177728  0.546464 -0.025302  0.310046   \n",
       "\n",
       "                   POINTS        GP       MPG      ORPM      DRPM  \n",
       "RPM              0.604432  0.340810  0.549449  0.769822  0.578388  \n",
       "AGE              0.031422  0.051863  0.099657  0.136177  0.100636  \n",
       "SALARY_MILLIONS  0.635425  0.348093  0.594162  0.503682  0.102307  \n",
       "ORB              0.284908  0.296975  0.342140  0.102113  0.476857  \n",
       "DRB              0.648267  0.473376  0.684662  0.428433  0.426536  \n",
       "TRB              0.573219  0.446355  0.618587  0.352018  0.468489  \n",
       "AST              0.678980  0.334944  0.640273  0.673077 -0.107280  \n",
       "STL              0.653695  0.441132  0.749596  0.593146  0.177728  \n",
       "BLK              0.352639  0.314585  0.387176  0.138512  0.546464  \n",
       "TOV              0.834074  0.398315  0.743525  0.621213 -0.025302  \n",
       "PF               0.533770  0.522945  0.668645  0.288196  0.310046  \n",
       "POINTS           1.000000  0.503594  0.865027  0.800319 -0.078586  \n",
       "GP               0.503594  1.000000  0.646439  0.442907 -0.033633  \n",
       "MPG              0.865027  0.646439  1.000000  0.656013  0.019952  \n",
       "ORPM             0.800319  0.442907  0.656013  1.000000 -0.075410  \n",
       "DRPM            -0.078586 -0.033633  0.019952 -0.075410  1.000000  "
      ]
     },
     "execution_count": 7,
     "metadata": {},
     "output_type": "execute_result"
    }
   ],
   "source": [
    "coor"
   ]
  },
  {
   "cell_type": "code",
   "execution_count": 9,
   "metadata": {},
   "outputs": [
    {
     "data": {
      "text/plain": [
       "<matplotlib.axes._subplots.AxesSubplot at 0x213e75c5978>"
      ]
     },
     "execution_count": 9,
     "metadata": {},
     "output_type": "execute_result"
    },
    {
     "data": {
